Sentiment(polarity=0.08937349687349688, subjectivity=0.5541546416546417)
Polarity: 0.08937349687349688
Subjectivity: 0.5541546416546417