Sentiment(polarity=0.07012085137085138, subjectivity=0.44021464646464653)
Polarity: 0.07012085137085138
Subjectivity: 0.44021464646464653