Sentiment(polarity=0.1289251700680272, subjectivity=0.47966893424036283)
Polarity: 0.1289251700680272
Subjectivity: 0.47966893424036283