Sentiment(polarity=0.14757575757575758, subjectivity=0.5693073593073593)
Polarity: 0.14757575757575758
Subjectivity: 0.5693073593073593