Sentiment(polarity=0.17395833333333333, subjectivity=0.34479166666666666)
Polarity: 0.17395833333333333
Subjectivity: 0.34479166666666666