Sentiment(polarity=0.27620129870129867, subjectivity=0.6687012987012988)
Polarity: 0.27620129870129867
Subjectivity: 0.6687012987012988