Sentiment(polarity=0.0009099616858237535, subjectivity=0.3911877394636014)
Polarity: 0.0009099616858237535
Subjectivity: 0.3911877394636014