Sentiment(polarity=-0.1280379553106826, subjectivity=0.5247474747474749)
Polarity: -0.1280379553106826
Subjectivity: 0.5247474747474749