Sentiment(polarity=0.07171052631578947, subjectivity=0.34888262322472846)
Polarity: 0.07171052631578947
Subjectivity: 0.34888262322472846