Sentiment(polarity=0.07569444444444445, subjectivity=0.36270943562610225)
Polarity: 0.07569444444444445
Subjectivity: 0.36270943562610225