Sentiment(polarity=0.29084928229665075, subjectivity=0.5023923444976076)
Polarity: 0.29084928229665075
Subjectivity: 0.5023923444976076