Sentiment(polarity=0.036120129870129865, subjectivity=0.3980790043290043)
Polarity: 0.036120129870129865
Subjectivity: 0.3980790043290043