Sentiment(polarity=0.19340773809523806, subjectivity=0.42821726190476195)
Polarity: 0.19340773809523806
Subjectivity: 0.42821726190476195